name: virtual_platform
channels:
- pytorch
- peterjc123
- defaults
- conda-forge
- menpo
dependencies:
- astroid=1.5.3=py35_0
- bleach=1.5.0=py35_0
- ca-certificates=2019.6.16=hecc5488_0
- certifi=2016.2.28=py35_0
- cffi=1.10.0=py35_0
- chardet=3.0.4=py35_0
- colorama=0.3.9=py35_0
- decorator=4.1.2=py35_0
- docutils=0.14=py35_0
- ffmpeg=3.2.4=1
- freetype=2.7=vc14_0
- html5lib=0.9999999=py35_0
- imageio=2.2.0=py35_0
- imagesize=0.7.1=py35_0
- ipykernel=4.6.1=py35_0
- ipython=6.1.0=py35_0
- ipython_genutils=0.2.0=py35_0
- jinja2=2.9.6=py35_0
- jpeg=9b=vc14_0
- jupyter_client=5.1.0=py35_0
- jupyter_core=4.3.0=py35_0
- lazy-object-proxy=1.3.1=py35_0
- libpng=1.6.37=h7602738_0
- libtiff=4.0.6=vc14_6
- markupsafe=1.0=py35_0
- mistune=0.7.4=py35_0
- nbformat=4.4.0=py35_0
- numpydoc=0.7.0=py35_0
- olefile=0.44=py35_0
- openssl=1.0.2l=vc14_0
- pandocfilters=1.4.2=py35_0
- pickleshare=0.7.4=py35_0
- pillow=4.2.1=py35_0
- pip=9.0.1=py35_1
- prompt_toolkit=1.0.15=py35_0
- psutil=5.2.2=py35_0
- pycodestyle=2.3.1=py35_0
- pycparser=2.18=py35_0
- pyflakes=1.6.0=py35_0
- pygments=2.2.0=py35_0
- pyqt=5.6.0=py35_2
- python=3.5.4=0
- python-dateutil=2.6.1=py35_0
- pytz=2017.2=py35_0
- pyzmq=16.0.2=py35_0
- qtawesome=0.4.4=py35_0
- qtconsole=4.3.1=py35_0
- qtpy=1.3.1=py35_0
- singledispatch=3.4.0.3=py35_0
- sip=4.18=py35_0
- six=1.10.0=py35_1
- snowballstemmer=1.2.1=py35_0
- sphinx=1.6.3=py35_0
- sphinxcontrib-websupport=1.0.1=py35_0
- spyder=3.2.3=py35_0
- testpath=0.3.1=py35_0
- tornado=4.5.2=py35_0
- traitlets=4.3.2=py35_0
- typing=3.6.6=py35_0
- wcwidth=0.1.7=py35_0
- webencodings=0.5.1=py_1
- wheel=0.29.0=py35_0
- win_unicode_console=0.5=py35_0
- wincertstore=0.2=py35_0
- wrapt=1.10.11=py35_0
- zlib=1.2.11=vc14_0
- alabaster=0.7.10=py35_0
- babel=2.5.0=py35_0
- blas=1.0=mkl
- cudatoolkit=9.0=1
- entrypoints=0.2.3=py35_0
- icc_rt=2019.0.0=h0cc432a_1
- icu=58.2=ha66f8fd_1
- intel-openmp=2019.4=245
- isort=4.2.15=py35_0
- jedi=0.10.2=py35_2
- jsonschema=2.6.0=py35_0
- mkl=2018.0.3=1
- mkl_fft=1.0.6=py35hdbbee80_0
- mkl_random=1.0.1=py35h77b88f5_1
- nbconvert=5.2.1=py35_0
- ninja=1.8.2=py35he980bc4_1
- numpy=1.15.2=py35ha559c80_0
- numpy-base=1.15.2=py35h8128ebf_0
- path.py=10.3.1=py35_0
- pylint=1.7.2=py35_0
- qt=5.6.2=vc14h6f8c307_12
- requests=2.14.2=py35_0
- rope=0.9.4=py35_1
- setuptools=36.4.0=py35_1
- simplegeneric=0.8.1=py35_1
- sphinxcontrib=1.0=py35_0
- sqlite=3.29.0=he774522_0
- vs2015_runtime=14.0.25420=0
- xz=5.2.4=h2fa13f4_4
- zstd=1.3.7=h508b16e_0
- opencv3=3.1.0=py35_0
- vc=14.1=h21ff451_1
- vs2017_runtime=15.4.27004.2010=1
- pytorch=1.1.0=py3.5_cuda90_cudnn7_1
- torchvision=0.3.0=py35_cu90_1
- pip:
  - ipython-genutils==0.2.0
  - jupyter-client==5.1.0
  - jupyter-core==4.3.0
  - mkl-fft==1.0.6
  - mkl-random==1.0.1
  - prompt-toolkit==1.0.15
  - pyyaml==3.12
  - rope-py3k==0.9.4.post1
  - torch==1.1.0
  - win-unicode-console==0.5
prefix: C:\Users\rlin159922\AppData\Local\Continuum\A3\envs\virtual_platform

